img_name = circle1img1.pgm
f_score_o = 0.7801418439716311	re_o = 0.7857142857142857	pr_o = 0.7746478873239436
f_score_p = 0.7801418439716311	re_p = 0.7857142857142857	pr_p = 0.7746478873239436
