img_name = ring4img4.pgm
f_score_o = 0.4734042553191489	re_o = 0.4708994708994709	pr_o = 0.47593582887700536
f_score_p = 0.48238482384823844	re_p = 0.4708994708994709	pr_p = 0.49444444444444446
